1['01001111001100111111000101101111011110001010001001011', 23, 35.076642500000005, 81.17, 58.123321250000004]
2['10011011110001111110011111101000001010000110001101010', 25, 41.7648962, 85.6293, 63.697098100000005]
3['01001101110010011101011011011111011000001001110101001', 24, 45.8154248, 82.8353, 64.3253624]
4['01000110011111010001010010011000100001000100010101011', 31, 41.10185859999999, 87.55420000000001, 64.3280293]
5['10110001011000101011010101010101001001100111100000110', 28, 43.519426200000005, 85.7283, 64.62386310000001]
6['11101010101100100101010100000001111111100010101100101', 26, 43.4535025, 87.44619999999999, 65.44985125]
7['00001100010010000100000110110101000000011011101100011', 33, 53.3116112, 83.4277, 68.3696556]
8['10001011010100000100100110110001110010101000110100110', 30, 55.35618000000001, 85.0767, 70.21644]
9['01011010101110100101110110001101110111010101111101010', 21, 56.2557063, 84.87680000000002, 70.56625315000001]
10['00111110011101010100101001111000000010011010111011001', 26, 58.146894999999994, 85.4591, 71.8029975]
11['01001001000100100111101001011010110100001100000111101', 29, 56.457029899999995, 87.2329, 71.84496494999999]
12['11001100100000001110101101100000111000011001001100001', 31, 57.341443600000005, 87.86730000000001, 72.60437180000001]
13['10001000101101000011110110110100001111000100101111111', 25, 63.3029723, 83.3556, 73.32928615]
14['10100111100001111010110000110010000110111001100101001', 27, 66.68447, 84.12659999999998, 75.40553499999999]
15['10001101000010011010101100100100110001000110001110111', 29, 67.2148163, 85.70559999999999, 76.46020815]
16['10001000001001010010101010010111001110110111100010101', 28, 73.16495370000001, 80.78970000000001, 76.97732685000001]
17['10110110001000110100011111011001010001100000101110111', 26, 68.35634759999999, 87.1495, 77.75292379999999]
18['10000110000100000101100101010001000110100101010111101', 31, 68.2377513, 87.3847, 77.81122565]
19['11000110100010101001000010110011000101101010101111000', 29, 72.3076264, 83.42490000000001, 77.8662632]
20['01100111001110000110001010101010000101010110100110111', 27, 71.4475112, 84.9928, 78.2201556]
21['00111011000101000111001000110100100110110111001111101', 25, 74.2109436, 83.36179999999999, 78.78637179999998]
22['01001110110111010000011001100100010011101001001100101', 28, 66.944057, 90.77804440000001, 78.8610507]
23['01000000111101111011111110001011110100110010010101010', 24, 75.2799838, 82.5177, 78.89884190000001]
24['01010110001011011011010100100000000110011101111111100', 26, 71.6070301, 86.3601, 78.98356505000001]
25['10010100100110101101011011011100000010111110011101101', 24, 72.42692739999998, 86.9605, 79.69371369999999]
26['11001111001010010001010001010001011100110100100101011', 28, 72.90069869999999, 87.8807, 80.39069935]
27['01001010101110100000101010111110001110110011001010111', 25, 81.2615224, 82.76270000000001, 82.0121112]
28['10110000000001100101010000000000101011111001110110111', 30, 78.40525240000001, 88.32000000000001, 83.36262620000001]
29['00111110011000011100010000101000000111110101010111110', 27, 84.92347509999999, 88.3296, 86.62653755]
30['00110111001101100001111010100010011000010100000000000', 33, 122.9427928, 144.1230519, 133.53292235]

1['10001001001100111111000101101111011110001010001001011', 25, 38.27254369999999, 81.1654, 59.71897185]
2['01001111001100101111000101101111011110001010001001011', 24, 40.4628013, 81.1712, 60.81700065]
3['01001111001100111111000101101111011110001010001001011', 23, 41.2018887, 81.1719, 61.186894349999996]
4['00111110011000011101011011011111011000001001110101001', 24, 43.2534538, 82.8321, 63.0427769]
5['10011011110001111110011111101000101110000110001101010', 23, 40.619786399999995, 85.6327, 63.1262432]
6['11101101010010011101011011011111011000001001110101001', 23, 49.92606879999999, 82.83449999999999, 66.3802844]
7['01000110011111011001010010011000100001000100010101011', 30, 46.1830437, 87.55259999999998, 66.86782184999998]
8['01001010101100100101010100000001111111100010111100101', 27, 53.1974375, 87.45179999999999, 70.32461875]
9['01101110110111010000011001100100010011100001001100101', 28, 60.689797399999996, 83.3721, 72.0309487]
10['11001000100000001110101101100000111000011001001100111', 30, 57.8168851, 87.86589999999998, 72.84139255]
11['10110001011000101011010111100101101001100111100010110', 25, 63.81477629999999, 83.4256, 73.62018814999999]
12['01000000111101111011111110001011110100110110010101010', 23, 65.04760990000001, 82.5138, 73.78070495]
13['10000110000100000101110101010000001110010101111100010', 31, 57.944946000000016, 89.7856, 73.865273]
14['01001010101110100101110110001101110111100101010111101', 22, 63.921086, 84.87780000000001, 74.399443]
15['00111110011000011100000001101000000111110101011101110', 27, 60.767431099999996, 88.3271, 74.54726554999999]
16['10100111100001111010110000110010000110111000110100110', 27, 65.80235239999999, 84.1287, 74.9655262]
17['11000110100010101001010001010001011100110100100101011', 29, 62.0942638, 87.88040000000001, 74.9873319]
18['01100111001110000110001010101010000101010110101110111', 26, 65.6434151, 84.987, 75.31520755]
19['10001011010110000100100110110001110010101000110100110', 29, 65.76101980000001, 85.07750000000001, 75.41925990000001]
20['11001111001000010001000010110011000101101010101111000', 29, 68.9574949, 83.4254, 76.19144745]
21['10001000001011010100100110110001110010101000110100110', 30, 68.9895051, 83.5424, 76.26595255000001]
22['10001011010100000100101110110001110010111001100100001', 29, 69.6424549, 84.6827, 77.16257745]
23['01010111001011011011010100100000000110011101111111101', 24, 69.5616789, 86.3581, 77.95988944999999]
24['01001110101101000011110110110100001111000100111111110', 23, 70.0473016, 88.9111, 79.4792008]
25['00111011010111000111001000110100000110110111001111101', 24, 76.3416151, 83.3631, 79.85235755]
26['00111110000110001101011011111100000010111110011101101', 23, 75.1888336, 84.99569999999999, 80.09226679999999]
27['10001011010100000110101010010111001110110111100010101', 26, 81.1299612, 82.32119999999999, 81.7255806]
28['01001101100010011110010000101000000111110101010111110', 27, 77.99450119999999, 88.32359999999998, 83.15905059999999]
29['10010100111010011100010000101000000111110101010111110', 27, 79.06251230000001, 88.31989999999999, 83.69120615]
30['10110000000011100101010000000000101011111001110110000', 32, 82.67793630000001, 88.3207, 85.49931815000001]

1['11001111001100101111100101100111011110001010001001011', 23, 35.5870386, 81.0951, 58.3410693]
2['10001001001100111111000101101111011110001010001001011', 25, 35.7666124, 81.16810000000001, 58.467356200000005]
3['00111011001100101010000101101111011110001010001001011', 26, 35.902383699999994, 81.16780000000001, 58.53509185]
4['01001111001100111111000101101111011110001110001001011', 22, 36.370829900000004, 81.16879999999999, 58.76981495]
5['10001011011100111111000101101111011010001010001001011', 24, 39.911292599999996, 81.16400000000002, 60.537646300000006]
6['10010100111010011100010000101000000000001001110100101', 33, 33.406950099999996, 88.3364, 60.87167504999999]
7['01001101110010011110010000101000000101000100010100011', 32, 35.4675338, 88.3318, 61.8996669]
8['01010111001011011001010100100000000110011010001001011', 30, 44.068631200000006, 86.36580000000001, 65.2172156]
9['10011011110001111110011111101000101110000110001100010', 24, 45.3685048, 85.63159999999998, 65.50005239999999]
10['01001110101101101001000001010001011100100100100101011', 29, 47.2639825, 85.4833, 66.37364124999999]
11['01001110110111010000011001100100010011100001101100101', 28, 51.6871939, 83.3681, 67.52764694999999]
12['10001001001100111111001101101111011110001101111111101', 19, 61.352978799999995, 80.7711, 71.0620394]
13['10001000001011010100100110110001110010100001001100101', 31, 60.501381300000006, 83.54959999999998, 72.02549065]
14['00101110110111010000011101100100010011101000110100110', 27, 61.279067600000005, 83.36760000000001, 72.3233338]
15['00111110000110001101011011111100001110010101111100010', 24, 60.72528619999999, 84.9947, 72.8599931]
16['10000110000110000101110101010001101001100111100010110', 29, 60.080908799999996, 87.38059999999999, 73.7307544]
17['11000110100010000011110110110100001111000100111111110', 25, 62.4485062, 85.7538, 74.1011531]
18['01001111010100000100101110110001110010111001100101001', 27, 64.3986287, 84.68050000000001, 74.53956435]
19['01001101100010011110000000101000000111110101010100110', 30, 61.7173127, 88.32300000000001, 75.02015635000001]
20['10110001011000001011011111100100001110010101111100010', 26, 64.76846989999999, 85.4312, 75.09983495]
21['01010111001011011001010100101000000110011101111111101', 24, 68.2771114, 86.35979999999999, 77.31845569999999]
22['01001111010111000111001000110100000110110111001111101', 24, 72.79997, 83.3646, 78.082285]
23['01000110011111011001010010011000100001000101010111110', 28, 68.94457380000001, 87.5515, 78.24803690000002]
24['01001110101101000011110110110100001111010100111111110', 22, 73.1620813, 83.3513, 78.25669065]
25['01001101001000010001000010110011000101101010101111000', 31, 73.68842520000001, 83.4256, 78.55701260000001]
26['01000110011111011001010010011000100011110101010111110', 25, 70.00822380000001, 87.54440000000001, 78.77631190000001]
27['10010100111010011100010000101000000111110100010101011', 29, 72.3736588, 88.32930000000002, 80.35147940000002]
28['10000110000100000101110101010000000010111110011100101', 31, 71.81561, 89.7843, 80.79995500000001]
29['10100111000001111010100000110010000110111000110111110', 27, 79.12809389999998, 84.1237, 81.62589695]
30['00111110011000011101011011011111011111110101010111110', 18, 81.3651513, 82.8254, 82.09527564999999]

1['10001001001101111111000101101111011110001010000001110', 25, 35.427531300000005, 79.20349999999999, 57.315515649999995]
2['11001111001100101111100101100111011110001010001001011', 23, 36.7165312, 81.10019999999999, 58.908365599999996]
3['10001011011100111111000101101111011110001010001001011', 23, 40.53093379999999, 81.1707, 60.8508169]
4['11001111001100101111100101100111011010001010001001011', 24, 41.4645325, 81.1022, 61.28336625]
5['11001111001100101111100101110111011110001010001001011', 22, 41.6925999, 81.09870000000001, 61.395649950000006]
6['11011011110001111100011111101000001110000110001100111', 23, 37.644837499999994, 85.62989999999999, 61.63736874999999]
7['01001100110111010110011111101000101110000110001100010', 26, 39.2032764, 85.1901, 62.1966882]
8['10010101111011011100010000101000000101000100010100011', 31, 38.258314999999996, 86.3708, 62.3145575]
9['01000101110010011110010000101000000000001001110100101', 33, 38.053802700000006, 88.33109999999999, 63.19245135]
10['01001110101101000011110110110100001110011010001001011', 26, 45.8572324, 83.36269999999999, 64.6099662]
11['01000110011110011001010010011000100001000100110100110', 31, 41.335173600000005, 89.51329999999999, 65.42423679999999]
12['10001011111100111111000101101110001010011010001001010', 25, 49.145749900000006, 83.56960000000001, 66.35767495]
13['10011011110001111000011001100100010011100001101100101', 27, 53.935453700000004, 83.80730000000001, 68.87137685]
14['00101110110111010000011101100100010011101000110100010', 28, 54.8878914, 83.37140000000001, 69.1296457]
15['01001101001011010100100110110001110010101001001100100', 29, 56.997436300000004, 83.5525, 70.27496815]
16['10000111000110000101110101010001101001100111100010011', 28, 58.268036300000006, 87.38090000000001, 72.82446815]
17['01001111010100100100101110110001110010111011100101001', 25, 62.79514119999999, 84.6788, 73.73697059999999]
18['00101110001110001101011011111100001110010101111100010', 24, 62.67417120000001, 84.99519999999998, 73.8346856]
19['10111110011000011101110001010000000010111110011100101', 26, 60.08490880000001, 90.224, 75.1544544]
20['01001101010100000100101110110000000010111110011100101', 29, 64.3510262, 87.088, 75.7195131]
21['10000110000110000101100101010001101001100111100010111', 29, 64.1215162, 87.37770000000002, 75.74960810000002]
22['10000110010100000100101110110001100010111001100101001', 30, 67.5005663, 84.6799, 76.09023315]
23['10110001011001001011011111100100001110010101111100010', 25, 66.06216620000001, 86.2469554, 76.15456080000001]
24['01001111010100000101110101010000000010111110011100101', 28, 63.208432500000015, 89.7868, 76.49761625000001]
25['10000110000100000101110101011001110010111001100101001', 29, 67.9835938, 87.37750000000001, 77.6805469]
26['10010100111010011100010000101000000111110100111101011', 27, 67.650385, 88.32399999999998, 77.98719249999999]
27['01010111001111011001010100100000000111010100111111110', 25, 70.3124862, 85.925, 78.11874309999999]
28['10001000001000010001000010100011000101101010101111000', 34, 73.4138874, 83.4247, 78.4192937]
29['00101110110111010000011101100100010011101001010111110', 25, 73.7741763, 83.36890000000001, 78.57153815000001]
30['10000110000100000101011011011111011111110101110111110', 22, 80.53418359999999, 82.3852, 81.4596918]

1['01001100110111011111000101100111011110001010000001110', 25, 35.7362888, 79.206, 57.4711444]
2['10011011110001111000011001100111011110001010001001011', 25, 36.660178800000004, 79.2508, 57.955489400000005]
3['10001011111100111111001101101110001010001010001001011', 24, 33.6645676, 83.1822, 58.423383799999996]
4['11000011011100101111000101101111011110001010001001011', 24, 36.5586949, 81.1702, 58.86444745]
5['10001001001101111111000101101111011110001010000001110', 25, 39.180031, 79.2071, 59.1935655]
6['10001001011100111101100001101011011110001010000001110', 27, 35.1465099, 83.26400000000001, 59.205254950000004]
7['11101111001100101111100101100111011110001010001001010', 23, 40.6269023, 81.102, 60.86445115]
8['10001001001101110110011111101000101110000110001100010', 27, 38.7340688, 85.195, 61.9645344]
9['10010111110001111100011001101000001110000110101100111', 25, 41.269151199999996, 85.97200000000001, 63.6205756]
10['10010101111011011100010000101000000101000110001100111', 29, 40.9845201, 86.3665, 63.67551005]
11['01001100110111010111011111101000101110000110001100010', 25, 42.2929037, 85.19199999999998, 63.74245184999999]
12['10001001001101111111000101101111011110001010000101110', 24, 50.96785619999999, 79.2049, 65.08637809999999]
13['10011011110001111100011111101000001110000100010100011', 26, 45.0419451, 85.63250000000001, 65.33722255]
14['01010111001111001001010100101100001110011010001001011', 27, 48.01750139999999, 83.77540000000002, 65.8964507]
15['11001111001101000011110110110100001110011010001001011', 25, 48.440385000000006, 83.3579, 65.89914250000001]
16['00001011111110111111000101101110001010011010001001011', 24, 50.72909489999999, 83.56880000000001, 67.14894745000001]
17['11001111001100101111100101100111011110011011001001010', 22, 53.4290223, 81.09580000000001, 67.26241115]
18['00101110110111010000011101100100010011101000110100100', 28, 51.4664314, 83.3703, 67.4183657]
19['01001110101100101111100101100111011010001010001011011', 24, 54.2813714, 81.09479999999999, 67.68808569999999]
20['10011011110001111000011001100100010011100100101100111', 26, 55.433547499999996, 83.8108, 69.62217375]
21['11101111101100101111100101100100010011100001101100101', 23, 54.4996263, 85.66190000000002, 70.08076315000001]
22['11101111010101010000011101100100010011101000110100010', 27, 57.66725269999999, 83.3689, 70.51807635]
23['10111110011001011101010001010000000010111110011000101', 27, 52.821856100000005, 88.3273, 70.57457805]
24['00101110001110001101011011111100000110011101111100010', 24, 57.48922390000001, 84.99229999999999, 71.24076195]
25['01001111010100101100101010110001110010111011100101001', 25, 64.7786848, 84.6802, 74.7294424]
26['00101110110100100100101110110001110010111011100101001', 25, 66.42665000000001, 84.6824, 75.55452500000001]
27['11010000111010011100010001101000000111110101111101011', 25, 63.9896123, 88.3253, 76.15745615]
28['01001101001011010100100110110001110010111001001100010', 28, 69.6993026, 83.55170000000001, 76.6255013]
29['01001110101101100011110110010000000111010100111111110', 24, 72.6046698, 87.4769, 80.0407849]
30['10111110011010011101110001010000000010111110011100101', 25, 71.69082, 90.21789999999999, 80.95436]

1['10011101111011011101011000101000000101001010001001011', 27, 21.4775737, 85.97579999999999, 53.72668684999999]
2['10001101111011011100010000101000000101000110001000111', 30, 23.2908514, 86.3711, 54.830975699999996]
3['01001100110111011111000101100111011110001010000001110', 25, 36.972641200000005, 79.2014, 58.0870206]
4['10111110011001011101000101100111011110001010000001110', 25, 36.8683975, 79.6387, 58.25354875]
5['11000011011100101111001101101111011110001010001001011', 23, 37.9381, 80.7758, 59.35695]
6['01001101110111011111000101000111011110001010000001110', 25, 38.127392400000005, 81.16420000000001, 59.64579620000001]
7['00100110110001111000011001100111011110001000001001011', 28, 40.299605, 79.2478, 59.7737025]
8['11001110101111011111000101100111011110001010100001110', 22, 42.85489129999999, 79.20240000000001, 61.02864565]
9['10010001001101110110011101101000101110000110001100010', 28, 37.372958800000006, 85.53569999999999, 61.4543294]
10['01001100110111000111011111101000101110000110001100010', 26, 38.163556199999995, 85.19480000000001, 61.6791781]
11['00101110110111010000011101100100011011101000111000110', 26, 40.3075499, 83.3751, 61.84132495]
12['10001011111000101111001101100110001010001010001001010', 28, 41.298365, 83.6202, 62.4592825]
13['00101010001110001101011011111100000110011110001001011', 26, 42.1619587, 84.9991, 63.58052935]
14['10011011110001111100011111101000000110000100010100011', 27, 44.2064824, 85.6327, 64.9195912]
15['10001001001101110100011111101000001110000110001100010', 29, 47.1798189, 85.1944, 66.18710945000001]
16['10001011111100111111001101101110001010000110001101111', 22, 50.297722500000006, 83.18159999999999, 66.73966125]
17['01001100110111011101010001010000000010111110011000101', 28, 45.607409800000006, 87.8921, 66.7497549]
18['10101011111100111111001101101110001010001010001001011', 23, 42.9448956, 91.497, 67.2209478]
19['11010000111010011111110110110100001110011010001001011', 24, 50.99727, 85.75829999999999, 68.37778499999999]
20['10001011111110111111000101101110001010011010001001011', 23, 53.3386225, 83.5685, 68.45356125]
21['01001100110100101111100101100111011011001010001011011', 24, 56.0156712, 81.0977, 68.55668560000001]
22['11000000111010011100010001101110001010011110001001011', 28, 55.531778700000004, 84.0085, 69.77013935]
23['00101110001110001101001011111100000110011101011100011', 25, 59.5139848, 84.99629999999999, 72.2551424]
24['01001110101101000011111110010000000010111110011000101', 27, 58.1510537, 87.0922, 72.62162685]
25['11001111001101000000010001101000000111110101111101011', 26, 61.88431250000001, 85.9189, 73.90160625]
26['10011011110100100100101110110001110010111011100101001', 24, 65.08418, 84.68350000000001, 74.88384]
27['11001111001101011011110111110100001110011001111100010', 21, 66.5072876, 83.3565, 74.9318938]
28['11010000111010011100010001101000000111110101111101111', 24, 66.9657337, 88.323, 77.64436685]
29['11110110111001011101010001010000000111010100111111110', 23, 67.30016370000001, 88.32289999999999, 77.81153185]
30['00001011111110111111000101101000000111010101111111011', 21, 76.0456334, 87.8838, 81.9647167]

1['10011101111011011101011000101000000101001010001001011', 27, 19.5459751, 85.9778, 52.76188755]
2['10111110011001011101000101100000000101000110001000111', 29, 22.230601299999996, 86.36800000000002, 54.299300650000006]
3['10011011110100100100101110110000000101001010001001011', 29, 21.9107264, 87.0989, 54.5048132]
4['11001111001111011101011000101000000101001010001001011', 27, 23.760936299999997, 85.54029999999999, 54.65061814999999]
5['10001101001011011100010000100000000101000110001000111', 33, 22.964565, 86.3678, 54.666182500000005]
6['01011100110111000111011111101000111110000110000001110', 24, 25.047172399999997, 85.19270000000002, 55.119936200000005]
7['00101110110111010000011101100100011011001000111000110', 27, 29.173728699999998, 83.3754, 56.27456435]
8['10001101111011011000010000101111011110001010000001110', 27, 33.44363009999999, 79.63969999999999, 56.54166504999999]
9['10001101111011011100010000101100000101000110001000111', 29, 30.383447499999996, 84.20689999999999, 57.29517374999999]
10['01001100110111011111000101100111011110001000000001110', 26, 38.1935963, 79.20430000000002, 58.69894815000001]
11['00101110001110001101000101100111011110001010000001110', 28, 36.3244124, 81.1678, 58.7461062]
12['11000000111010011100010001101110001010001010001001110', 30, 35.866776400000006, 84.01209999999999, 59.9394382]
13['01001101110110011111000111000111011110001010000001110', 25, 37.2661124, 82.79199999999999, 60.02905619999999]
14['11000011011100101111001101101111011110001000001001011', 24, 39.4603887, 80.7781, 60.11924435]
15['00001100110100101111100101100111011011001010000001110', 27, 40.1002088, 81.1019, 60.601054399999995]
16['10101011111100111111001111101110001010001010001001011', 22, 41.5151987, 82.8427, 62.178949349999996]
17['11001001001101110100011111101010101110000110000100101', 26, 44.6760712, 83.0331, 63.85458560000001]
18['01001110110100101111100101110111011011001010001011011', 22, 52.6083311, 81.0981, 66.85321555]
19['10001011111110111111000101111100000110011101011100011', 21, 49.74203630000001, 85.72900000000001, 67.73551815000002]
20['00101110001110001101001011101110001010011010001001011', 27, 52.8820453, 82.83539999999999, 67.85872265]
21['01001101100111011111000101000111011110001010000011111', 24, 54.6156164, 81.16799999999999, 67.8918082]
22['10111110011001011101000101100111011110001010001011011', 23, 56.4288149, 79.63910000000001, 68.03395745]
23['11001100110111011101110001010000000010111110011000010', 27, 48.58196480000001, 87.8244, 68.2031824]
24['10000001001101110110010101101000101110010110001100010', 29, 53.4742024, 85.93120000000002, 69.7027012]
25['10001011111000101111001101100110001010011110001001011', 25, 56.998529, 83.6138, 70.3061645]
26['10110110011001011101011011111100000110011100011100011', 23, 57.82003629999999, 83.46790000000001, 70.64396815]
27['10011101111011011101011000101001110010111011100101001', 22, 59.18785379999999, 83.56530000000001, 71.3765769]
28['00101110001111001101001011111100000110011101011100011', 24, 61.3460562, 83.02950000000001, 72.1877781]
29['10011101111000011011110111110110001100011001111100010', 22, 66.3892099, 83.5913, 74.99025495000001]
30['11011111001101000000010001101000000111110101111101011', 25, 69.1507386, 85.9274, 77.5390693]

1['10111010011001011101000101100000000101000110001000111', 30, 20.402482499999998, 86.3713, 53.386891250000005]
2['10011101111011001101011000101000000101001110001001011', 27, 22.030688899999998, 85.97829999999999, 54.004494449999996]
3['11011111001101000000011000101000000101001010001001011', 31, 22.701432599999997, 85.53980000000001, 54.12061630000001]
4['10011101111011011101011000101000000101001010001001011', 27, 22.6507211, 85.9773, 54.31401055]
5['10001101111011011100000000101100000101000110001000111', 30, 28.27421, 84.21000000000001, 56.242105]
6['10011101111011011101011000101010000101001010001001011', 26, 29.454161200000005, 83.81500000000001, 56.63458060000001]
7['01001100110111011111000101101111011110001010001001011', 23, 36.759317499999995, 79.20630000000001, 57.982808750000004]
8['01000000111010001100010001101110001010001010011000011', 32, 35.29951379999999, 84.0059, 59.6527069]
9['01001101110110011111000101100111011110001000000001110', 26, 38.323807599999995, 81.1713, 59.7475538]
10['10011101111011011101011000101000000101001010001100010', 28, 33.5471113, 85.97210000000001, 59.759605650000005]
11['10101011111100111111001111101110001000001010001001011', 23, 39.046393699999996, 82.8408, 60.94359685]
12['01001100110111011111000111000111011110001010000001110', 25, 41.5584688, 80.8267, 61.1925844]
13['10000001001101110110010101101000001110010110001001011', 29, 37.5108712, 85.933, 61.7219356]
14['11001001001101100110011111101010101110010010011000010', 26, 40.5798087, 83.0296, 61.80470435]
15['11001111101111011101011000101000000101001000000101110', 27, 44.5980774, 85.5368, 65.0674387]
16['10011101111011011101011000101100000101101010001001011', 25, 46.7397625, 83.81559999999999, 65.27768125]
17['10001011111110111111000101111100000110011101001001110', 22, 45.936036300000005, 85.7312, 65.83361815]
18['11001100110111001101110001010000000010111110100000101', 28, 44.435551200000006, 87.8211, 66.12832560000001]
19['11001100110111011101110001010000000010101010110001110', 27, 45.1393724, 87.827, 66.4831862]
20['00001100110100101111100101100111011111011111011000010', 23, 53.2064614, 81.09600000000002, 67.15123070000001]
21['11000011011100101111001101101111011110001000111100010', 23, 54.3069301, 80.77619999999999, 67.54156505]
22['00100110001111001101000101111100000110011101011100011', 26, 52.246486300000015, 83.7664, 68.00644315000001]
23['10111110011001011101000101000111011110001010001011011', 24, 56.3250528, 81.61200000000001, 68.9685264]
24['10001011111110111111000101111101001110011101011100001', 20, 55.75729520000001, 83.3254, 69.54134760000001]
25['00011101111000011011110111110110001100011001001001011', 24, 60.60519250000001, 83.59799999999998, 72.10159625]
26['10000011111110111111000101111100000110011001011100011', 23, 59.5169852, 85.73, 72.6234926]
27['10011101111011011101011100101011110010111011100101001', 20, 63.910398799999996, 81.40220000000001, 72.6562994]
28['11011101111011011101011000101001110010111011100101001', 21, 63.89074620000001, 83.5633, 73.7270231]
29['11001111001111011101010001001000000111110101111101011', 22, 59.596205100000006, 87.8849, 73.74055255]
30['10001011111110111111001011111110000110011101011100011', 19, 65.97751740000001, 82.8343, 74.4059087]

1['01001100110011001101011000101000000101001110001001011', 30, 20.489884999999997, 85.97659999999999, 53.233242499999996]
2['11011111001101010000011000101000000101001010001001011', 30, 21.61891, 85.53529999999999, 53.577104999999996]
3['10111110011001011101000100101000000101001010001001011', 29, 21.469382500000002, 86.37180000000001, 53.92059125]
4['10001011011110111101000101100000000101000110001000111', 29, 20.970196199999997, 87.901, 54.43559809999999]
5['10111010011001011101000101100000000101000110001000111', 30, 22.7562212, 86.3706, 54.5634106]
6['11001001011011001111011000001000000101000110001001011', 30, 21.6105937, 87.9394, 54.77499685]
7['11011111001101000000011000101000000101001110001001011', 30, 24.503736000000004, 85.53569999999999, 55.019718]
8['11011101111011011101011000101000000101001010001001011', 26, 25.960695000000005, 85.98060000000001, 55.970647500000005]
9['10111010011001001101000101100000000101000110001000111', 31, 25.7911899, 86.3685, 56.079844949999995]
10['10011101111011001101011000001000000101001010001001011', 29, 25.402305, 87.9418, 56.6720525]
11['00001100110100101111000101100111011111000110001000111', 26, 34.7381525, 81.16890000000001, 57.95352625]
12['00011101111011011111000111000111011110001010000001110', 24, 36.9921163, 81.27089999999998, 59.13150814999999]
13['00011100110100101111100101100111011110001000000001110', 27, 38.4206551, 81.09750000000001, 59.75907755]
14['10011101111011001101011000101000000101001100000101001', 29, 34.055600299999995, 85.979, 60.01730015]
15['10011101111011011101011000101001000101001010001100010', 27, 38.960641300000006, 83.5687, 61.264670650000006]
16['11001100110100101111001101101111011110001100111100010', 22, 46.7513414, 80.77470000000001, 63.763020700000006]
17['10001101111011011100000000101100000101011111011000010', 28, 44.991476399999996, 84.20320000000001, 64.5973382]
18['11001011111110111111000101111100000111011101001001110', 20, 43.8670623, 85.7357, 64.80138115]
19['11000011011111011101110001010000000010101010110001111', 26, 42.36273130000001, 87.825, 65.09386565]
20['01001101110110011111000101100111011111011111011000010', 21, 49.1996026, 81.16400000000002, 65.1818013]
21['00011101101101100110011111101010101010010110011000010', 25, 47.689496299999995, 83.02779999999998, 65.35864815]
22['10000011011100101111001101101111011110001000111100010', 24, 51.412713800000006, 80.7803, 66.09650690000001]
23['11000111011100101111001001101110011110001000111100010', 24, 49.1513987, 83.1754, 66.16339934999999]
24['11000011011100101111001101100111011110001001011100001', 24, 52.9490387, 80.77720000000001, 66.86311935]
25['11011101111001011101011000100101110010110010101001011', 23, 56.1690976, 81.4073, 68.7881988]
26['10001011111110111111000101111101001110011100111100010', 20, 55.8098801, 83.32430000000001, 69.56709005]
27['11011111001101000000011101000111011110001010001011011', 25, 58.7707038, 80.7683, 69.7695019]
28['10001011111110111111001011111010000110011101111100011', 19, 61.542742699999984, 84.98400000000001, 73.26337135]
29['10001011101110111111001011111110000110011101011100011', 20, 64.5692176, 82.83009999999999, 73.6996588]
30['10111010011001011111001011111110000110111101011100011', 20, 72.6923852, 81.2997, 76.99604260000001]

1['00111010011001011101000101100000000101000110001000111', 31, 20.208638999999998, 86.37110000000001, 53.28986950000001]
2['11011111001101000000011000101000000101001110001001110', 30, 21.1774814, 85.5385, 53.3579907]
3['10111010010001011101000101100000000101000110001000111', 31, 21.6725037, 86.3715, 54.022001849999995]
4['10011101111011011101011000101000000101000110001000111', 27, 22.107522699999997, 85.9794, 54.04346135]
5['10111110011001011101000100101000000101001011001001011', 28, 21.957891500000002, 86.37089999999999, 54.16439575]
6['01001100110011001001011000101000000101000100001000111', 33, 22.8080488, 85.97810000000001, 54.3930744]
7['11111010011011001101011000101000000101001110001001011', 27, 24.310252600000002, 85.9766, 55.1434263]
8['01001100110001011101000101100000000101000110000000111', 33, 24.138691299999998, 86.3717, 55.255195650000005]
9['10101010011001001101000101100000000101001110001001011', 31, 25.030186200000003, 86.37039999999999, 55.700293099999996]
10['00011100110100101111011000101000000101001010001001011', 30, 23.9567313, 87.50850000000001, 55.73261565000001]
11['01001100110011001101011000101000000101001110001001011', 30, 25.6738549, 85.97779999999999, 55.82582744999999]
12['10001011110110111111000000101000000101001011001001011', 28, 24.4183147, 87.89849999999998, 56.15840734999999]
13['10011101111011001101000101100100000101000110001000111', 28, 32.060296199999996, 84.21189999999999, 58.13609809999999]
14['00011101111011011111000111100111011111000110001000111', 21, 37.859533799999994, 79.3027, 58.5811169]
15['00001100110100101111010101100111011111000110001000111', 25, 36.6210937, 81.16839999999999, 58.89474685]
16['01001101110110011111000101100111011111000110001000111', 23, 37.724336400000006, 81.17070000000001, 59.447518200000005]
17['00001100110100101111000101000111011110001010000001110', 29, 36.6954112, 83.136, 59.915705599999995]
18['10001011011110111101111000111000000101001101000101001', 26, 34.1158463, 87.434, 60.77492315]
19['10111101111011001101011000101000000101001100000101001', 28, 35.667719999999996, 85.977, 60.82236]
20['11000011011100101111000101100111011111000110001000111', 24, 40.5298187, 81.1696, 60.84970935]
21['10111010011001001101000101100001000101001010001100010', 31, 40.94441629999999, 83.9624, 62.45340815]
22['10011101111011011101011101101111011110001001111100001', 19, 47.6943664, 79.2468, 63.47058319999999]
23['11001100110100101111001101111111011110001100111100010', 21, 53.4304223, 80.7734, 67.10191114999999]
24['00001100110100101111000101100111011111011111011000010', 24, 53.042236200000005, 81.16740000000001, 67.10481810000002]
25['00001100110111001101110001010000000010101010010001111', 30, 46.7616723, 87.826, 67.29383615]
26['11001011111110111111000101111100001111011101001001011', 19, 49.3556214, 85.73140000000001, 67.5435107]
27['11000011011110101111011000101001000101101010001100010', 27, 52.6661926, 85.0959, 68.88104630000001]
28['01001000110011001101100101100111011110001000000001110', 29, 49.0548358, 91.510925, 70.2828804]
29['11011101111011011101011101111101001110011100111100010', 18, 60.690033799999995, 81.40230000000001, 71.0461669]
30['10111010011001011111001011111110010110111101011100011', 19, 71.5705237, 81.30330000000001, 76.43691185]
